> Herpes simplex virus (HSV)
1, 2, 3, 4, 5, 6, 7, 8, 9, 10, 11, 12, 13, 14, 15, 16, -19, -18, -17, 20, 21, 22, 23, -25, -24
> Epstein-Barr virus (EBV)
1, 2, 3, 4, 5, 6, 7, 8, 9, 10, 11, 12, 13, 14, 15, 16, -20, -19, -18, -17, 21, 22, 23, 24, 25


> Cytomegalovirus (CMV)
1, 2, 3, 4, 5, 6, 7, 8, 9, 10, 11, -13, -12, -16, -15, -14, -25, -24, 17, 18, 19, 20, 21, 22, 23




> A
3, 1, 6, 5, -2, 4
> B
1, 2, 3, 4, 5, 6

Answer:
3,1,6,5,-2,4
-5,-6,-1,-3,-2,4
-5,-6,-1,2,3,4
-5,-6,1,2,3,4
-5,-4,-3,-2,-1,6
1,2,3,4,5,6


> A
-2, -1, 4, 3, 5, -8, 6, 7
> A
-2, -1, 4, 3, 5, -8, 6, 7


(0..5): oriented
(5..9): oriented
(-2..-1) oriented
(6..7): oriented


> B
-3, 1, 2, 4, 6, 5, 7, -15, -13, -14, -12, -10, -11, -9, 8
> B
-3, 1, 2, 4, 6, 5, 7, -15, -13, -14, -12, -10, -11, -9, 8


(0..4) --- oriented
(1..2) --- oriented
(4..7) --- unoriented
(7..16) --- oriented
(-15..-12) --- unoriented
(-12..-9) --- unoriented
